5490,1308,27
5491,1331,40
5492,1340,43
5493,1331,46
5494,1210,27
5495,1294,34
5496,1366,42
5497,1377,30
5498,1311,32
5499,1267,28
5500,1297,30
5501,1265,30
5502,1384,37
5503,1282,30
5504,1305,28
5505,1330,20
5506,1262,38
5507,1312,37
5508,1307,42
5509,1329,42
5510,1239,37
5511,1397,36
5512,1226,40
5513,1395,37
5514,1207,34
5515,1251,44
5516,1264,35
5517,1257,20
5518,1318,40
5519,1345,38
5520,1300,22
5521,1379,35
5522,1365,31
5523,1264,37
5524,1330,22
5525,1399,36
5526,1235,49
5527,1335,47
5528,1254,48
5529,1369,35
5530,1217,48
5531,1351,37
5532,1288,38
5533,1368,43
5534,1232,48
5535,1318,28
5536,1395,29
5537,1242,35
5538,1351,26
5539,1357,22
5540,1375,37
5541,1304,20
5542,1287,23
5543,1297,30
5544,1377,27
5545,1347,37
5546,1242,38
5547,1391,49
5548,1388,36
5549,1285,20
5550,1224,45
5551,1247,26
5552,1277,43
5553,1369,30
5554,1274,41
5555,1367,46
5556,1278,38
5557,1392,24
5558,1337,26
5559,1258,44
5560,1239,38
5561,1204,44
5562,1395,25
5563,1281,48
5564,1375,39
5565,1270,22
5566,1329,29
5567,1330,47
5568,1201,45
5569,1300,42
5570,1201,49
5571,1255,21
5572,1296,37
5573,1398,35
5574,1274,22
5575,1307,48
5576,1357,42
5577,1353,38
5578,1285,39
5579,1288,36
5580,1343,40
5581,1383,47
5582,1395,44
5583,1317,24
5584,1337,29
5585,1315,26
5586,1216,43
5587,1266,24
5588,1224,23
5589,1347,30
5590,1240,29
5591,1361,40
5592,1289,29
5593,1348,31
5594,1228,48
5595,1251,21
5596,1308,34
5597,1277,35
5598,1292,45
5599,1374,24
5600,1279,48
5601,1342,30
5602,1359,23
5603,1269,30
5604,1327,48
5605,1329,45
5606,1335,42
5607,1220,36
5608,1234,30
5609,1255,31
5610,1238,21
5611,1228,45
5612,1263,46
5613,1305,38
5614,1284,29
5615,1263,23
5616,1396,33
5617,1217,49
5618,1269,49
5619,1232,43
5620,1231,36
5621,1321,37
5622,1343,32
5623,1333,28
5624,1214,23
5625,1248,41
5626,1337,45
5627,1253,47
5628,1289,44
5629,1219,27
5630,1356,41
5631,1246,43
5632,1384,24
5633,1258,32
5634,1313,44
5635,1220,21
5636,1341,34
5637,1228,27
5638,1374,48
5639,1211,44
5640,1302,43
5641,1202,48
5642,1360,39
5643,1360,39
5644,1366,44
5645,1379,24
5646,1282,24
5647,1398,33
5648,1262,48
5649,1369,41
5650,1315,31
5651,1265,44
5652,1265,49
5653,1398,22
5654,1238,43
5655,1302,49
5656,1383,48
5657,1382,22
5658,1319,43
5659,1345,24
5660,1288,37
5661,1216,32
5662,1307,26
5663,1230,47
5664,1355,31
5665,1354,21
5666,1317,46
5667,1277,44
5668,1266,29
5669,1328,46
5670,1240,25
5671,1350,28
5672,1328,40
5673,1341,22
5674,1370,29
5675,1275,20
5676,1350,26
5677,1259,42
5678,1378,28
5679,1211,44
5680,1304,45
5681,1372,30
5682,1232,32
5683,1249,25
5684,1360,40
5685,1334,45
5686,1200,24
5687,1227,37
5688,1304,26
5689,1364,31
5690,1320,30
5691,1335,30
5692,1357,30
5693,1263,48
5694,1204,36
5695,1201,43
5696,1380,47
5697,1228,40
5698,1306,32
5699,1326,29
5700,1262,34
5701,1222,33
5702,1365,29
5703,1367,25
5704,1372,30
5705,1382,39
5706,1229,23
5707,1257,23
5708,1341,27
5709,1348,33
5710,1251,45
5711,1265,47
5712,1342,38
5713,1266,49
5714,1381,29
5715,1208,31
5716,1332,42
5717,1317,23
5718,1375,47
5719,1291,20
5720,1283,25
5721,1321,21
5722,1260,29
5723,1347,43
5724,1286,33
5725,1293,40
5726,1277,20
5727,1358,39
5728,1270,31
5729,1384,42
5730,1323,34
5731,1332,24
5732,1349,36
5733,1278,35
5734,1229,27
5735,1375,48
5736,1342,48
5737,1285,25
5738,1290,34
5739,1297,37
5740,1209,46
5741,1372,40
5742,1364,24
5743,1252,28
5744,1222,38
5745,1316,46
5746,1249,25
5747,1386,48
5748,1375,24
5749,1332,22
5750,1230,31
5751,1361,37
5752,1394,33
5753,1291,30
5754,1327,41
5755,1250,25
5756,1339,30
5757,1206,21
5758,1292,24
5759,1380,35
5760,1381,27
5761,1301,44
5762,1270,34
5763,1330,44
5764,1282,44
5765,1305,27
5766,1385,39
5767,1322,36
5768,1260,45
5769,1389,41
5770,1328,43
5771,1244,41
5772,1335,48
5773,1314,36
5774,1301,32
5775,1304,42
5776,1356,22
5777,1376,33
5778,1306,27
5779,1204,37
5780,1353,26
5781,1299,23
5782,1290,48
5783,1393,47
5784,1319,41
5785,1276,28
5786,1215,46
5787,1363,39
5788,1310,20
5789,1375,21
5790,1238,49
5791,1339,38
5792,1287,26
5793,1220,38
5794,1322,28
5795,1216,36
5796,1248,31
5797,1251,23
5798,1305,26
5799,1213,49
5800,1238,29
5801,1277,38
5802,1205,25
5803,1216,27
5804,1216,43
5805,1283,48
5806,1316,28
5807,1319,39
5808,1386,24
5809,1276,49
5810,1290,48
5811,1379,49
5812,1339,32
5813,1208,40
5814,1256,44
5815,1396,40
5816,1336,40
5817,1244,36
5818,1226,28
5819,1203,37
5820,1356,45
5821,1352,36
5822,1232,47
5823,1315,26
5824,1218,42
5825,1297,20
5826,1274,39
5827,1217,30
5828,1315,44
5829,1281,48
5830,1341,32
5831,1222,22
5832,1306,44
5833,1341,45
5834,1364,20
5835,1205,38
5836,1391,28
5837,1322,46
5838,1259,23
5839,1249,36
5840,1253,36
5841,1366,34
5842,1380,33
5843,1376,47
5844,1390,41
5845,1396,24
5846,1201,32
5847,1265,42
5848,1241,48
5849,1347,34
5850,1241,33
5851,1214,23
5852,1302,26
5853,1388,36
5854,1263,37
5855,1287,47
5856,1294,23
5857,1317,37
5858,1279,23
5859,1243,43
5860,1260,31
5861,1322,29
5862,1336,24
5863,1272,38
5864,1217,28
5865,1280,27
5866,1323,29
5867,1257,47
5868,1356,40
5869,1326,45
5870,1366,33
5871,1239,48
5872,1266,39
5873,1230,22
5874,1291,49
5875,1268,28
5876,1229,44
5877,1213,33
5878,1303,41
5879,1222,40
5880,1377,38
5881,1250,26
5882,1239,39
5883,1327,26
5884,1387,47
5885,1305,35
5886,1285,20
5887,1361,27
5888,1328,37
5889,1203,30
5890,1393,43
5891,1293,29
5892,1358,44
5893,1379,22
5894,1327,30
5895,1249,48
5896,1391,39
5897,1238,21
5898,1344,39
5899,1222,46
5900,1333,46
5901,1256,27
5902,1347,23
5903,1378,22
5904,1391,28
5905,1239,36
5906,1232,23
5907,1300,22
5908,1254,36
5909,1355,36
5910,1346,37
5911,1293,27
5912,1313,34
5913,1277,24
5914,1293,20
5915,1298,39
5916,1308,26
5917,1238,21
5918,1292,23
5919,1333,32
5920,1390,25
5921,1223,29
5922,1354,25
5923,1351,34
5924,1310,25
5925,1344,42
5926,1375,45
5927,1232,40
5928,1255,41
5929,1331,46
5930,1290,27
5931,1247,27
5932,1347,26
5933,1343,40
5934,1233,28
5935,1249,24
5936,1353,32
5937,1286,32
5938,1354,36
5939,1279,28
5940,1368,40
5941,1337,37
5942,1294,27
5943,1360,20
5944,1370,20
5945,1399,32
5946,1256,49
5947,1389,40
5948,1234,43
5949,1374,23
5950,1232,26
5951,1359,32
5952,1339,40
5953,1285,42
5954,1209,39
5955,1272,49
5956,1248,37
5957,1345,27
5958,1281,45
5959,1393,31
5960,1335,37
5961,1276,24
5962,1270,38
5963,1393,33
5964,1305,30
5965,1372,22
5966,1231,45
5967,1320,48
5968,1330,40
5969,1386,47
5970,1331,33
5971,1356,36
5972,1239,44
5973,1261,48
5974,1369,44
5975,1285,33
5976,1267,38
5977,1250,30
5978,1391,37
5979,1257,42
5980,1339,42
5981,1232,31
5982,1267,37
5983,1278,28
5984,1246,38
5985,1281,30
5986,1335,38
5987,1277,20
5988,1347,42
5989,1393,32
5990,1230,41
5991,1344,26
5992,1257,30
5993,1320,38
5994,1278,20
5995,1236,30
5996,1291,38
5997,1355,40
5998,1290,42
5999,1330,30
6000,1305,22
6001,1337,21
6002,1342,44
6003,1395,43
6004,1334,45
6005,1233,27
6006,1246,25
6007,1369,47
6008,1388,45
6009,1237,20
6010,1285,36
6011,1341,48
6012,1284,25
6013,1244,46
6014,1305,46
6015,1393,38
6016,1222,26
6017,1229,21
6018,1386,27
6019,1344,26
6020,1342,22
6021,1317,39
6022,1336,35
6023,1340,29
6024,1393,47
6025,1280,35
6026,1397,44
6027,1369,34
6028,1263,31
6029,1376,28
6030,1291,23
6031,1301,25
6032,1294,21
6033,1274,35
6034,1256,45
6035,1355,45
6036,1209,27
6037,1349,38
6038,1378,36
6039,1300,44
6040,1264,23
6041,1362,22
6042,1291,27
6043,1307,44
6044,1234,49
6045,1278,39
6046,1321,41
6047,1229,40
6048,1353,37
6049,1244,38
6050,1376,41
6051,1289,25
6052,1347,21
6053,1231,31
6054,1274,36
6055,1331,24
6056,1258,37
6057,1231,38
6058,1302,38
6059,1377,30
6060,1237,27
6061,1356,34
6062,1250,36
6063,1282,21
6064,1281,20
6065,1257,35
6066,1394,23
6067,1357,37
6068,1392,32
6069,1217,22
6070,1318,29
6071,1348,38
6072,1374,20
6073,1356,27
6074,1345,36
6075,1389,27
6076,1381,35
6077,1297,39
6078,1385,23
6079,1392,25
6080,1331,47
6081,1305,41
6082,1347,26
6083,1306,25
6084,1280,24
6085,1297,21
6086,1251,28
6087,1318,41
6088,1225,40
6089,1386,28
6090,1248,42
6091,1330,25
6092,1244,47
6093,1311,46
6094,1322,40
6095,1367,22
6096,1218,35
6097,1309,42
6098,1380,30
6099,1219,49
6100,1238,36
6101,1351,44
6102,1327,27
6103,1279,32
6104,1392,31
6105,1243,26
6106,1377,34
6107,1387,49
6108,1286,42
6109,1388,35
6110,1353,44
6111,1277,45
6112,1315,21
6113,1356,49
6114,1265,30
6115,1257,22
6116,1221,36
6117,1367,44
6118,1219,33
6119,1308,20
6120,1249,47
6121,1212,40
6122,1328,25
6123,1258,27
6124,1284,43
6125,1377,40
6126,1386,45
6127,1313,40
6128,1378,27
6129,1377,31
6130,1319,33
6131,1209,45
6132,1371,42
6133,1205,47
6134,1380,34
6135,1344,25
6136,1200,49
6137,1249,28
6138,1217,33
6139,1340,43
6140,1221,36
6141,1306,31
6142,1336,33
6143,1352,48
6144,1306,31
6145,1296,47
6146,1205,47
6147,1268,42
6148,1337,26
6149,1389,30
6150,1352,46
6151,1389,47
6152,1312,35
6153,1384,29
6154,1247,20
6155,1261,23
6156,1253,29
6157,1360,25
6158,1274,28
6159,1385,32
6160,1295,39
6161,1288,46
6162,1368,48
6163,1248,27
6164,1314,24
6165,1200,31
6166,1266,32
6167,1291,25
6168,1352,43
6169,1383,24
6170,1214,43
6171,1212,25
6172,1367,44
6173,1257,48
6174,1287,38
6175,1287,49
6176,1303,28
6177,1357,43
6178,1237,44
6179,1296,49
6180,1388,21
6181,1308,35
6182,1372,32
6183,1267,26
6184,1244,45
6185,1226,41
6186,1341,47
6187,1227,22
6188,1343,45
6189,1256,20
6190,1287,26
6191,1272,44
6192,1248,46
6193,1256,23
6194,1249,31
6195,1273,44
6196,1204,26
6197,1334,41
6198,1206,38
6199,1347,30
6200,1282,45
6201,1250,28
6202,1295,47
6203,1222,25
6204,1376,29
6205,1307,39
6206,1320,36
6207,1349,49
6208,1368,43
6209,1361,49
6210,1220,47
6211,1379,22
6212,1354,33
6213,1391,39
6214,1255,44
6215,1371,45
6216,1329,20
6217,1334,44
6218,1369,31
6219,1353,27
6220,1208,22
6221,1325,24
6222,1312,33
6223,1277,36
6224,1375,25
6225,1243,38
6226,1340,46
6227,1311,23
6228,1205,34
6229,1341,40
6230,1205,20
6231,1288,42
6232,1396,26
6233,1292,28
6234,1364,22
6235,1397,46
6236,1300,29
6237,1255,44
6238,1216,40
6239,1308,49
6240,1309,24
6241,1309,49
6242,1295,30
6243,1348,44
6244,1224,25
6245,1291,20
6246,1226,29
6247,1340,43
6248,1367,29
6249,1253,39
6250,1235,23
6251,1373,24
6252,1224,30
6253,1337,24
6254,1277,40
6255,1266,20
6256,1319,33
6257,1235,43
6258,1338,26
6259,1256,33
6260,1363,35
6261,1348,41
6262,1301,23
6263,1331,33
6264,1384,27
6265,1286,31
6266,1217,28
6267,1364,32
6268,1201,23
6269,1337,44
6270,1292,34
6271,1317,42
6272,1247,27
6273,1332,48
6274,1379,34
6275,1290,21
6276,1373,30
6277,1376,21
6278,1388,33
6279,1379,48
6280,1314,41
6281,1319,49
6282,1346,44
6283,1323,41
6284,1219,46
6285,1278,36
6286,1262,32
6287,1378,30
6288,1385,32
6289,1234,45
6290,1296,29
6291,1399,44
6292,1321,38
6293,1382,22
6294,1358,25
6295,1391,34
6296,1231,37
6297,1361,20
6298,1311,43
6299,1206,20
6300,1283,45
6301,1388,21
6302,1248,33
6303,1374,30
6304,1242,33
6305,1274,33
6306,1329,38
6307,1349,35
6308,1209,49
6309,1283,32
6310,1241,30
6311,1338,49
6312,1321,29
6313,1300,49
6314,1308,30
6315,1248,48
6316,1383,42
6317,1367,26
6318,1335,46
6319,1339,40
6320,1328,21
6321,1382,39
6322,1200,30
6323,1268,30
6324,1247,34
6325,1218,27
6326,1397,21
6327,1325,22
6328,1254,42
6329,1377,46
6330,1359,23
6331,1348,43
6332,1235,43
6333,1237,40
6334,1319,44
6335,1314,35
6336,1315,29
6337,1287,40
6338,1231,23
6339,1305,25
6340,1308,26
6341,1206,35
6342,1338,33
6343,1224,36
6344,1253,38
6345,1317,29
6346,1259,29
6347,1308,48
6348,1301,27
6349,1353,21
6350,1205,38
6351,1393,22
6352,1313,45
6353,1343,38
6354,1205,29
6355,1287,35
6356,1255,24
6357,1324,46
6358,1234,22
6359,1281,28
6360,1336,32
6361,1285,42
6362,1334,46
6363,1333,21
6364,1200,39
6365,1289,36
6366,1242,42
6367,1376,39
6368,1303,46
6369,1327,30
6370,1364,38
6371,1221,26
6372,1383,43
6373,1310,37
6374,1257,34
6375,1347,20
6376,1336,31
6377,1261,35
6378,1332,43
6379,1374,43
6380,1247,31
6381,1312,33
6382,1298,34
6383,1374,25
6384,1284,30
6385,1308,30
6386,1359,22
6387,1207,30
6388,1256,26
6389,1360,43
6390,1259,30
6391,1360,47
6392,1350,24
6393,1339,43
6394,1303,49
6395,1345,24
6396,1357,30
6397,1322,28
6398,1291,40
6399,1397,45
6400,1399,28
6401,1360,23
6402,1349,26
6403,1335,36
6404,1350,23
6405,1298,29
6406,1264,31
6407,1295,35
6408,1393,33
6409,1232,22
6410,1278,49
6411,1256,21
6412,1310,46
6413,1373,43
6414,1393,22
6415,1235,22
6416,1300,33
6417,1273,40
6418,1309,37
6419,1320,48
6420,1287,39
6421,1361,46
6422,1211,45
6423,1278,21
6424,1237,34
6425,1269,20
6426,1234,34
6427,1227,48
6428,1218,40
6429,1390,31
6430,1396,21
6431,1247,32
6432,1278,33
6433,1330,26
6434,1283,49
6435,1348,24
6436,1277,40
6437,1327,22
6438,1258,24
6439,1288,31
6440,1306,22
6441,1356,21
6442,1345,24
6443,1221,42
6444,1283,38
6445,1396,48
6446,1231,39
6447,1362,23
6448,1260,33
6449,1236,42
6450,1303,47
6451,1276,27
6452,1203,40
6453,1202,24
6454,1202,36
6455,1352,43
6456,1252,47
6457,1209,49
6458,1335,44
6459,1336,45
6460,1344,39
6461,1380,36
6462,1398,46
6463,1379,40
6464,1286,37
6465,1228,41
6466,1244,43
6467,1314,32
6468,1335,21
6469,1232,22
6470,1271,46
6471,1343,28
6472,1388,45
6473,1346,33
6474,1203,38
6475,1380,29
6476,1341,44
6477,1242,39
6478,1284,30
6479,1391,31
6480,1354,33
6481,1318,21
6482,1305,31
6483,1200,41
6484,1263,36
6485,1319,43
6486,1308,29
6487,1310,39
6488,1390,26
6489,1256,45
6490,1375,33
6491,1320,41
6492,1286,36
6493,1324,46
6494,1346,38
6495,1322,31
6496,1376,36
6497,1207,24
6498,1322,44
6499,1248,44
6500,1295,29
6501,1374,21
6502,1200,23
6503,1221,22
6504,1377,21
6505,1219,31
6506,1292,39
6507,1324,26
6508,1294,37
6509,1383,48
6510,1279,32
6511,1262,33
6512,1249,26
6513,1289,28
6514,1392,34
6515,1274,43
6516,1276,25
6517,1298,22
6518,1398,46
6519,1312,32
6520,1382,48
6521,1239,42
6522,1283,31
6523,1284,40
6524,1310,25
6525,1365,43
6526,1342,49
6527,1336,24
6528,1240,20
6529,1269,27
6530,1353,40
6531,1366,34
6532,1351,32
6533,1256,37
6534,1225,38
6535,1321,23
6536,1388,25
6537,1357,37
6538,1331,26
6539,1284,20
6540,1290,29
6541,1229,33
6542,1208,24
6543,1252,36
6544,1373,42
6545,1269,46
6546,1268,49
6547,1357,31
6548,1366,28
6549,1293,26
6550,1318,47
6551,1385,41
6552,1393,40
6553,1260,37
6554,1347,37
6555,1370,27
6556,1254,41
6557,1290,23
6558,1281,20
6559,1359,22
6560,1249,37
6561,1207,29
6562,1325,32
6563,1356,20
6564,1232,45
6565,1201,38
6566,1325,30
6567,1250,41
6568,1366,22
6569,1306,22
6570,1311,22
6571,1370,32
6572,1247,42
6573,1322,34
6574,1274,20
6575,1258,27
6576,1399,20
6577,1228,33
6578,1333,37
6579,1203,29
6580,1275,29
6581,1388,30
6582,1267,45
6583,1308,36
6584,1339,36
6585,1249,46
6586,1210,44
6587,1231,31
6588,1200,44
6589,1281,40
6590,1219,32
6591,1285,44
6592,1378,35
6593,1370,26
6594,1325,44
6595,1253,48
6596,1248,20
6597,1209,41
6598,1322,45
6599,1381,27
6600,1230,23
6601,1383,31
6602,1288,26
6603,1379,26
6604,1311,43
6605,1245,28
6606,1283,35
6607,1293,20
6608,1228,36
6609,1257,37
6610,1350,34
6611,1357,29
6612,1238,25
6613,1378,36
6614,1274,44
6615,1300,43
6616,1316,47
6617,1259,31
6618,1226,37
6619,1313,33
6620,1223,28
6621,1217,36
6622,1276,35
6623,1267,40
6624,1356,31
6625,1229,34
6626,1393,43
6627,1248,47
6628,1361,39
6629,1350,29
6630,1387,29
6631,1385,22
6632,1264,41
6633,1354,49
6634,1352,40
6635,1267,36
6636,1221,26
6637,1288,30
6638,1239,21
6639,1337,37
6640,1230,23
6641,1234,35
6642,1288,41
6643,1239,49
6644,1304,49
6645,1269,29
6646,1216,44
6647,1358,30
6648,1293,34
6649,1260,20
6650,1383,49
6651,1299,38
6652,1275,39
6653,1216,27
6654,1293,27
6655,1367,21
6656,1208,40
6657,1303,45
6658,1261,20
6659,1363,34
6660,1318,45
6661,1257,26
6662,1279,21
6663,1301,31
6664,1394,23
6665,1248,29
6666,1367,30
6667,1275,32
6668,1369,31
6669,1291,24
6670,1237,20
6671,1342,20
6672,1350,37
6673,1370,48
6674,1320,28
6675,1309,32
6676,1355,30
6677,1368,44
6678,1297,37
6679,1316,30
6680,1323,28
6681,1393,25
6682,1259,40
6683,1373,30
6684,1257,23
6685,1264,32
6686,1301,45
6687,1344,30
6688,1298,20
6689,1259,26
6690,1254,46
6691,1224,29
6692,1367,33
6693,1253,44
6694,1298,41
6695,1218,26
6696,1316,28
6697,1264,34
6698,1292,29
6699,1230,32
6700,1336,30
6701,1210,31
6702,1263,36
6703,1321,44
6704,1250,43
6705,1346,36
6706,1275,28
6707,1342,35
6708,1276,42
6709,1217,45
6710,1369,48
6711,1273,47
6712,1320,27
6713,1238,33
6714,1204,20
6715,1243,45
6716,1298,43
6717,1214,22
6718,1204,26
6719,1364,39
6720,1335,21
6721,1387,28
6722,1301,40
6723,1316,28
6724,1357,44
6725,1242,37
6726,1318,22
6727,1361,48
6728,1252,32
6729,1371,30
6730,1349,32
6731,1250,35
6732,1316,35
6733,1308,48
6734,1242,42
6735,1238,43
6736,1335,41
6737,1203,29
6738,1377,24
6739,1297,37
6740,1299,33
6741,1319,35
6742,1293,20
6743,1245,27
6744,1378,49
6745,1355,35
6746,1382,42
6747,1265,41
6748,1333,35
6749,1363,34
6750,1384,34
6751,1369,36
6752,1248,35
6753,1304,37
6754,1336,28
6755,1362,27
6756,1268,47
6757,1270,40
6758,1203,30
6759,1337,47
6760,1311,39
6761,1237,26
6762,1318,45
6763,1215,29
6764,1310,33
6765,1309,28
6766,1323,31
6767,1258,25
6768,1246,43
6769,1283,44
6770,1356,30
6771,1235,24
6772,1326,28
6773,1210,41
6774,1258,29
6775,1289,49
6776,1352,48
6777,1309,33
6778,1291,27
6779,1292,37
6780,1245,43
6781,1231,31
6782,1330,34
6783,1232,39
6784,1335,39
6785,1248,43
6786,1383,36
6787,1368,25
6788,1384,45
6789,1227,42
6790,1262,31
6791,1294,34
6792,1268,48
6793,1356,39
6794,1358,43
6795,1220,28
6796,1328,49
6797,1349,46
6798,1278,44
6799,1355,37
6800,1220,32
6801,1255,32
6802,1384,24
6803,1331,44
6804,1293,34
6805,1216,32
6806,1338,48
6807,1252,37
6808,1303,42
6809,1201,30
6810,1252,20
6811,1265,25
6812,1342,27
6813,1342,40
6814,1333,29
6815,1348,39
6816,1283,21
6817,1360,36
6818,1350,34
6819,1314,33
6820,1238,38
6821,1343,39
6822,1306,32
6823,1215,33
6824,1234,40
6825,1218,35
6826,1336,41
6827,1279,20
6828,1231,35
6829,1307,25
6830,1232,20
6831,1300,36
6832,1362,31
6833,1377,39
6834,1325,35
6835,1363,34
6836,1267,22
6837,1248,48
6838,1269,21
6839,1330,36
6840,1215,34
6841,1268,23
6842,1258,26
6843,1339,28
6844,1361,46
6845,1225,20
6846,1211,42
6847,1328,43
6848,1223,32
6849,1226,35
6850,1289,25
6851,1242,38
6852,1318,33
6853,1334,28
6854,1319,33
6855,1203,26
6856,1352,37
6857,1239,30
6858,1248,45
6859,1203,46
6860,1219,26
6861,1279,31
6862,1224,27
6863,1301,38
6864,1375,27
6865,1217,24
6866,1312,40
6867,1364,38
6868,1243,32
6869,1372,31
6870,1256,24
6871,1236,36
6872,1267,20
6873,1272,39
6874,1374,32
6875,1359,28
6876,1282,22
6877,1310,47
6878,1312,32
6879,1293,44
6880,1333,43
6881,1381,29
6882,1361,41
6883,1286,29
6884,1340,23
6885,1225,47
6886,1272,29
6887,1293,34
6888,1353,24
6889,1209,29
6890,1353,31
6891,1311,21
6892,1316,45
6893,1295,36
6894,1354,20
6895,1200,49
6896,1302,23
6897,1254,46
6898,1375,43
6899,1335,22
6900,1303,34
6901,1261,36
6902,1320,37
6903,1284,39
6904,1326,23
6905,1324,44
6906,1279,24
6907,1361,47
6908,1297,38
6909,1319,29
6910,1345,34
6911,1394,23
6912,1251,39
6913,1270,49
6914,1266,23
6915,1295,43
6916,1340,41
6917,1200,49
6918,1266,29
6919,1217,28
6920,1292,29
6921,1209,21
6922,1252,37
6923,1259,20
6924,1259,48
6925,1231,40
6926,1295,21
6927,1342,23
6928,1293,34
6929,1371,49
6930,1339,39
6931,1389,41
6932,1209,24
6933,1207,24
6934,1344,24
6935,1383,27
6936,1345,40
6937,1203,40
6938,1272,20
6939,1215,40
6940,1326,28
6941,1363,24
6942,1380,34
6943,1322,43
6944,1266,27
6945,1315,31
6946,1327,44
6947,1214,23
6948,1254,34
6949,1251,47
6950,1269,21
6951,1243,47
6952,1213,40
6953,1399,43
6954,1350,37
6955,1216,45
6956,1243,34
6957,1226,27
6958,1324,46
6959,1254,39
6960,1388,49
6961,1397,22
6962,1269,36
6963,1214,41
6964,1339,46
6965,1249,27
6966,1391,27
6967,1221,22
6968,1230,43
6969,1228,47
6970,1210,35
6971,1245,24
6972,1306,48
6973,1375,39
6974,1297,34
6975,1215,44
6976,1287,46
6977,1335,46
6978,1358,48
6979,1231,42
6980,1325,41
6981,1244,23
6982,1275,22
6983,1322,45
6984,1276,34
6985,1300,31
6986,1227,40
6987,1302,44
6988,1395,35
6989,1245,37
6990,1284,26
6991,1391,22
6992,1259,24
6993,1275,21
6994,1309,48
6995,1225,31
6996,1208,35
6997,1207,38
6998,1288,39
6999,1254,25
7000,1255,46
7001,1218,39
4001,1365,21
4002,1303,47
4003,1265,24
4004,1284,22
4005,1242,28
4006,1343,41
4007,1335,46
4008,1223,40
4009,1389,47
4010,1285,21
4011,1247,25
4012,1297,43
4013,1269,45
4014,1283,49
4015,1261,42
4016,1262,48
4017,1353,20
4018,1386,45
4019,1209,28
4020,1279,45
4021,1297,35
4022,1368,23
4023,1306,23
4024,1361,29
4025,1235,27
4026,1221,29
4027,1260,37
4028,1287,41
4029,1243,24
4030,1238,21
4031,1374,35
4032,1215,23
4033,1238,24
4034,1271,29
4035,1306,44
4036,1266,45
4037,1273,38
4038,1278,42
4039,1213,42
4040,1251,24
4041,1201,35
4042,1305,39
4043,1285,45
4044,1311,46
4045,1245,31
4046,1217,47
4047,1324,49
4048,1315,45
4049,1249,38
4050,1308,34
4051,1339,42
4052,1237,28
4053,1249,34
4054,1334,34
4055,1379,47
4056,1382,32
4057,1338,20
4058,1219,21
4059,1317,48
4060,1307,48
4061,1223,31
4062,1226,32
4063,1321,26
4064,1362,28
4065,1356,44
4066,1263,20
4067,1247,25
4068,1313,44
4069,1221,38
4070,1345,37
4071,1359,24
4072,1231,44
4073,1348,43
4074,1386,34
4075,1267,26
4076,1280,38
4077,1304,39
4078,1230,21
4079,1325,20
4080,1361,39
4081,1283,45
4082,1290,20
4083,1373,26
4084,1346,43
4085,1371,44
4086,1271,33
4087,1273,47
4088,1361,38
4089,1334,44
4090,1253,40
4091,1392,34
4092,1388,20
4093,1307,41
4094,1255,49
4095,1300,44
4096,1334,26
4097,1210,20
4098,1340,48
4099,1247,26
4100,1247,35
4101,1220,43
4102,1264,23
4103,1387,46
4104,1231,24
4105,1263,30
4106,1350,48
4107,1309,28
4108,1287,42
4109,1340,28
4110,1330,39
4111,1395,43
4112,1357,24
4113,1250,39
4114,1302,21
4115,1252,32
4116,1218,34
4117,1234,47
4118,1274,31
4119,1363,20
4120,1329,29
4121,1379,48
4122,1246,22
4123,1342,27
4124,1289,25
4125,1339,40
4126,1366,38
4127,1394,22
4128,1388,30
4129,1394,29
4130,1249,34
4131,1221,30
4132,1210,32
4133,1216,32
4134,1302,28
4135,1213,44
4136,1387,48
4137,1223,47
4138,1324,42
4139,1230,26
4140,1358,46
4141,1285,26
4142,1398,36
4143,1265,48
4144,1264,44
4145,1213,22
4146,1376,39
4147,1213,38
4148,1250,35
4149,1281,32
4150,1380,32
4151,1249,21
4152,1266,40
4153,1334,45
4154,1396,39
4155,1208,40
4156,1236,46
4157,1251,35
4158,1328,20
4159,1308,48
4160,1388,28
4161,1349,43
4162,1220,40
4163,1314,20
4164,1322,35
4165,1309,38
4166,1232,28
4167,1314,36
4168,1288,31
4169,1399,42
4170,1266,25
4171,1252,46
4172,1344,32
4173,1216,37
4174,1322,38
4175,1277,31
4176,1350,40
4177,1286,49
4178,1342,34
4179,1361,24
4180,1280,35
4181,1250,26
4182,1252,42
4183,1252,32
4184,1243,29
4185,1300,27
4186,1240,32
4187,1226,40
4188,1221,32
4189,1200,25
4190,1352,46
4191,1311,30
4192,1214,28
4193,1313,32
4194,1295,27
4195,1233,22
4196,1299,39
4197,1301,33
4198,1212,28
4199,1375,31
4200,1228,47
4201,1242,23
4202,1382,45
4203,1285,21
4204,1266,37
4205,1347,37
4206,1216,40
4207,1230,23
4208,1318,27
4209,1217,47
4210,1236,35
4211,1356,30
4212,1251,39
4213,1363,41
4214,1250,46
4215,1315,44
4216,1360,46
4217,1261,47
4218,1278,37
4219,1311,26
4220,1334,48
4221,1354,20
4222,1289,45
4223,1256,26
4224,1273,38
4225,1202,36
4226,1376,49
4227,1334,37
4228,1219,47
4229,1288,48
4230,1247,44
4231,1327,33
4232,1335,35
4233,1358,28
4234,1283,48
4235,1213,21
4236,1342,47
4237,1334,20
4238,1319,22
4239,1301,47
4240,1331,32
4241,1273,28
4242,1385,25
4243,1339,33
4244,1361,45
4245,1299,32
4246,1391,35
4247,1280,39
4248,1351,48
4249,1356,31
4250,1282,30
4251,1262,41
4252,1267,20
4253,1362,20
4254,1264,48
4255,1339,20
4256,1313,29
4257,1205,43
4258,1279,22
4259,1221,33
4260,1287,32
4261,1270,34
4262,1282,25
4263,1304,44
4264,1239,22
4265,1213,40
4266,1368,38
4267,1325,37
4268,1230,44
4269,1203,41
4270,1243,39
4271,1314,47
4272,1367,20
4273,1303,44
4274,1293,44
4275,1397,45
4276,1286,49
4277,1311,26
4278,1307,35
4279,1333,24
4280,1234,31
4281,1379,36
4282,1286,31
4283,1333,37
4284,1280,20
4285,1295,27
4286,1301,37
4287,1340,43
4288,1257,37
4289,1375,47
4290,1332,31
4291,1258,46
4292,1321,29
4293,1213,33
4294,1372,28
4295,1307,39
4296,1353,34
4297,1287,24
4298,1363,37
4299,1260,42
4300,1282,33
4301,1318,34
4302,1302,24
4303,1246,40
4304,1265,40
4305,1353,40
4306,1232,30
4307,1399,49
4308,1255,20
4309,1356,31
4310,1260,46
4311,1214,35
4312,1282,34
4313,1338,34
4314,1256,30
4315,1387,38
4316,1331,31
4317,1335,39
4318,1348,47
4319,1389,31
4320,1295,35
4321,1218,35
4322,1353,44
4323,1393,35
4324,1320,33
4325,1351,46
4326,1293,22
4327,1307,33
4328,1380,36
4329,1218,36
4330,1395,46
4331,1380,34
4332,1317,34
4333,1270,38
4334,1363,20
4335,1304,30
4336,1277,40
4337,1301,21
4338,1207,38
4339,1335,27
4340,1357,38
4341,1292,49
4342,1279,26
4343,1227,29
4344,1385,23
4345,1302,38
4346,1270,25
4347,1367,33
4348,1232,45
4349,1206,24
4350,1318,49
4351,1254,28
4352,1265,28
4353,1350,44
4354,1254,23
4355,1225,41
4356,1256,39
4357,1200,27
4358,1281,22
4359,1247,35
4360,1357,34
4361,1221,27
4362,1308,48
4363,1208,44
4364,1261,49
4365,1391,25
4366,1359,34
4367,1389,25
4368,1226,39
4369,1211,41
4370,1202,39
4371,1377,23
4372,1325,35
4373,1282,26
4374,1268,31
4375,1283,32
4376,1233,31
4377,1343,48
4378,1278,48
4379,1349,44
4380,1366,20
4381,1341,47
4382,1243,46
4383,1346,31
4384,1387,27
4385,1387,21
4386,1208,49
4387,1259,48
4388,1380,36
4389,1366,22
4390,1333,42
4391,1315,47
4392,1337,42
4393,1386,45
4394,1325,47
4395,1270,38
4396,1354,23
4397,1202,35
4398,1389,40
4399,1384,49
4400,1203,29
4401,1220,29
4402,1347,28
4403,1294,24
4404,1307,24
4405,1265,20
4406,1393,36
4407,1363,36
4408,1383,28
4409,1383,26
4410,1264,35
4411,1361,30
4412,1227,30
4413,1368,39
4414,1223,34
4415,1388,29
4416,1214,40
4417,1214,44
4418,1285,21
4419,1218,45
4420,1346,39
4421,1347,47
4422,1216,26
4423,1201,43
4424,1250,33
4425,1256,35
4426,1377,26
4427,1294,25
4428,1362,30
4429,1266,37
4430,1269,40
4431,1338,23
4432,1313,41
4433,1233,30
4434,1261,39
4435,1215,24
4436,1337,37
4437,1363,34
4438,1311,42
4439,1202,48
4440,1307,35
4441,1309,20
4442,1358,40
4443,1372,39
4444,1238,23
4445,1311,37
4446,1235,33
4447,1226,48
4448,1359,36
4449,1248,48
4450,1276,37
4451,1362,31
4452,1308,28
4453,1313,20
4454,1347,45
4455,1272,49
4456,1296,28
4457,1253,41
4458,1297,36
4459,1223,48
4460,1213,34
4461,1220,38
4462,1222,40
4463,1382,39
4464,1322,40
4465,1276,46
4466,1274,33
4467,1364,48
4468,1344,46
4469,1381,25
4470,1325,36
4471,1382,41
4472,1344,38
4473,1207,40
4474,1220,43
4475,1202,47
4476,1340,48
4477,1258,49
4478,1387,32
4479,1258,25
4480,1295,28
4481,1396,30
4482,1374,44
4483,1219,39
4484,1314,45
4485,1267,44
4486,1313,28
4487,1395,36
4488,1325,47
4489,1347,25
4490,1389,48
4491,1202,47
4492,1378,21
4493,1209,44
4494,1389,35
4495,1292,29
4496,1350,25
4497,1209,47
4498,1226,32
4499,1308,34
4500,1315,48
4501,1215,31
4502,1352,25
4503,1361,39
4504,1284,45
4505,1215,37
4506,1304,25
4507,1236,38
4508,1230,47
4509,1317,40
4510,1334,20
4511,1274,28
4512,1336,20
4513,1214,21
4514,1256,40
4515,1383,24
4516,1353,47
4517,1288,29
4518,1397,37
4519,1221,41
4520,1284,29
4521,1226,42
4522,1333,32
4523,1252,45
4524,1381,45
4525,1358,21
4526,1373,48
4527,1249,42
4528,1253,22
4529,1347,31
4530,1379,37
4531,1357,28
4532,1246,33
4533,1386,26
4534,1382,28
4535,1216,32
4536,1372,33
4537,1353,44
4538,1372,29
4539,1201,29
4540,1249,41
4541,1226,49
4542,1308,32
4543,1237,37
4544,1294,45
4545,1381,24
4546,1379,47
4547,1302,48
4548,1226,25
4549,1375,20
4550,1288,35
4551,1308,21
4552,1367,35
4553,1393,30
4554,1257,24
4555,1200,29
4556,1293,33
4557,1304,22
4558,1327,21
4559,1374,21
4560,1309,23
4561,1248,27
4562,1319,22
4563,1325,39
4564,1214,21
4565,1352,27
4566,1233,24
4567,1397,34
4568,1212,21
4569,1244,29
4570,1322,38
4571,1291,46
4572,1298,28
4573,1322,25
4574,1204,20
4575,1309,31
4576,1253,46
4577,1279,26
4578,1205,38
4579,1246,46
4580,1377,21
4581,1330,42
4582,1309,32
4583,1240,43
4584,1370,47
4585,1385,38
4586,1392,40
4587,1287,34
4588,1281,49
4589,1359,40
4590,1390,31
4591,1307,46
4592,1258,20
4593,1232,44
4594,1339,22
4595,1290,37
4596,1347,38
4597,1345,30
4598,1328,40
4599,1382,45
4600,1201,28
4601,1396,31
4602,1223,47
4603,1302,37
4604,1241,38
4605,1389,40
4606,1256,39
4607,1290,38
4608,1265,41
4609,1239,49
4610,1280,27
4611,1216,39
4612,1249,41
4613,1372,44
4614,1204,32
4615,1383,33
4616,1391,49
4617,1332,40
4618,1354,29
4619,1219,24
4620,1231,49
4621,1238,38
4622,1317,44
4623,1397,23
4624,1228,43
4625,1348,33
4626,1385,20
4627,1319,22
4628,1340,31
4629,1240,33
4630,1237,20
4631,1294,26
4632,1338,20
4633,1287,22
4634,1286,44
4635,1259,43
4636,1279,24
4637,1359,22
4638,1372,20
4639,1281,37
4640,1229,43
4641,1271,26
4642,1205,24
4643,1353,28
4644,1344,44
4645,1225,47
4646,1213,34
4647,1271,31
4648,1342,47
4649,1256,25
4650,1361,35
4651,1270,34
4652,1260,33
4653,1330,48
4654,1338,44
4655,1242,33
4656,1252,43
4657,1318,42
4658,1253,33
4659,1294,36
4660,1385,43
4661,1289,36
4662,1207,25
4663,1214,45
4664,1368,25
4665,1323,30
4666,1260,22
4667,1358,48
4668,1393,39
4669,1316,20
4670,1212,47
4671,1331,42
4672,1392,42
4673,1267,30
4674,1242,25
4675,1394,42
4676,1395,49
4677,1309,37
4678,1247,44
4679,1331,39
4680,1202,40
4681,1355,40
4682,1285,30
4683,1352,25
4684,1359,36
4685,1263,28
4686,1347,45
4687,1375,37
4688,1397,34
4689,1240,27
4690,1257,36
4691,1368,21
4692,1364,20
4693,1208,46
4694,1221,37
4695,1360,47
4696,1399,46
4697,1271,30
4698,1294,35
4699,1258,20
4700,1228,47
4701,1370,36
4702,1310,28
4703,1247,20
4704,1258,46
4705,1328,47
4706,1311,26
4707,1234,31
4708,1240,27
4709,1330,44
4710,1380,38
4711,1240,47
4712,1200,38
4713,1291,41
4714,1391,46
4715,1369,20
4716,1305,20
4717,1361,26
4718,1264,34
4719,1396,49
4720,1212,30
4721,1316,42
4722,1256,48
4723,1287,27
4724,1282,37
4725,1337,25
4726,1246,48
4727,1395,28
4728,1396,48
4729,1344,49
4730,1265,39
4731,1372,38
4732,1270,24
4733,1212,39
4734,1291,21
4735,1377,28
4736,1232,48
4737,1207,40
4738,1288,26
4739,1358,31
4740,1380,37
4741,1289,38
4742,1291,32
4743,1235,40
4744,1382,38
4745,1317,39
4746,1264,32
4747,1398,24
4748,1347,21
4749,1238,27
4750,1327,42
4751,1388,45
4752,1360,20
4753,1258,47
4754,1242,47
4755,1396,35
4756,1292,25
4757,1244,33
4758,1290,36
4759,1322,24
4760,1325,47
4761,1236,29
4762,1292,25
4763,1220,25
4764,1373,30
4765,1343,21
4766,1306,46
4767,1253,27
4768,1300,20
4769,1354,44
4770,1252,23
4771,1357,37
4772,1355,41
4773,1240,31
4774,1216,34
4775,1302,48
4776,1258,22
4777,1261,22
4778,1312,44
4779,1312,37
4780,1389,33
4781,1250,48
4782,1253,28
4783,1210,23
4784,1216,38
4785,1219,24
4786,1386,47
4787,1215,25
4788,1285,43
4789,1389,45
4790,1270,49
4791,1292,37
4792,1314,40
4793,1231,41
4794,1249,46
4795,1300,22
4796,1270,28
4797,1227,39
4798,1294,44
4799,1250,27
4800,1300,40
4801,1276,25
4802,1332,29
4803,1205,27
4804,1287,40
4805,1242,25
4806,1244,49
4807,1279,49
4808,1310,29
4809,1358,46
4810,1291,26
4811,1268,49
4812,1232,46
4813,1328,40
4814,1395,36
4815,1206,43
4816,1241,49
4817,1238,33
4818,1310,42
4819,1311,40
4820,1339,41
4821,1223,42
4822,1280,43
4823,1383,26
4824,1273,31
4825,1286,38
4826,1392,32
4827,1316,46
4828,1210,26
4829,1207,42
4830,1207,41
4831,1320,35
4832,1378,39
4833,1300,49
4834,1325,34
4835,1284,20
4836,1363,28
4837,1280,37
4838,1289,33
4839,1337,31
4840,1201,38
4841,1255,33
4842,1205,38
4843,1358,27
4844,1331,30
4845,1263,44
4846,1261,26
4847,1332,24
4848,1287,40
4849,1296,41
4850,1260,44
4851,1276,37
4852,1361,48
4853,1212,34
4854,1295,33
4855,1315,28
4856,1253,33
4857,1356,27
4858,1284,25
4859,1387,34
4860,1216,31
4861,1345,46
4862,1395,48
4863,1235,32
4864,1254,32
4865,1389,38
4866,1321,48
4867,1365,23
4868,1354,40
4869,1397,44
4870,1382,42
4871,1362,44
4872,1290,41
4873,1249,37
4874,1203,39
4875,1280,46
4876,1376,48
4877,1281,22
4878,1379,27
4879,1349,42
4880,1375,21
4881,1351,27
4882,1379,28
4883,1381,30
4884,1313,40
4885,1200,43
4886,1327,46
4887,1346,48
4888,1370,23
4889,1340,25
4890,1320,24
4891,1232,46
4892,1365,28
4893,1297,37
4894,1309,22
4895,1203,42
4896,1256,45
4897,1222,41
4898,1240,27
4899,1262,23
4900,1356,30
4901,1220,46
4902,1379,27
4903,1354,33
4904,1202,28
4905,1340,45
4906,1336,20
4907,1203,32
4908,1230,21
4909,1354,34
4910,1391,31
4911,1242,34
4912,1336,21
4913,1267,30
4914,1250,33
4915,1306,29
4916,1243,41
4917,1318,33
4918,1229,43
4919,1268,48
4920,1313,35
4921,1340,39
4922,1297,43
4923,1224,20
4924,1331,26
4925,1289,42
4926,1292,34
4927,1214,36
4928,1344,40
4929,1236,25
4930,1382,45
4931,1288,22
4932,1268,24
4933,1300,41
4934,1340,23
4935,1208,28
4936,1389,22
4937,1351,42
4938,1264,45
4939,1358,26
4940,1345,40
4941,1325,36
4942,1330,24
4943,1367,28
4944,1248,24
4945,1378,22
4946,1205,22
4947,1336,24
4948,1233,24
4949,1306,26
4950,1359,33
4951,1320,48
4952,1252,35
4953,1349,25
4954,1356,41
4955,1294,48
4956,1247,24
4957,1257,29
4958,1212,30
4959,1234,21
4960,1229,37
4961,1311,32
4962,1383,25
4963,1377,21
4964,1212,38
4965,1200,46
4966,1390,25
4967,1335,32
4968,1249,26
4969,1345,43
4970,1327,34
4971,1307,25
4972,1393,37
4973,1307,30
4974,1293,47
4975,1387,39
4976,1203,34
4977,1349,21
4978,1268,45
4979,1303,48
4980,1270,46
4981,1235,26
4982,1254,39
4983,1247,48
4984,1346,20
4985,1290,37
4986,1369,26
4987,1348,40
4988,1267,39
4989,1381,35
4990,1211,23
4991,1377,22
4992,1216,40
4993,1347,41
4994,1304,21
4995,1212,23
4996,1286,24
4997,1315,25
4998,1254,37
4999,1210,46
5000,1330,45
5001,1267,48
5002,1325,34
5003,1257,26
5004,1340,45
5005,1316,31
5006,1379,37
5007,1387,41
5008,1307,29
5009,1343,49
5010,1294,28
5011,1256,24
5012,1317,23
5013,1362,42
5014,1273,39
5015,1370,36
5016,1358,42
5017,1278,26
5018,1316,30
5019,1260,28
5020,1274,41
5021,1299,44
5022,1269,34
5023,1356,28
5024,1362,48
5025,1204,37
5026,1342,34
5027,1342,42
5028,1341,28
5029,1331,23
5030,1279,48
5031,1372,38
5032,1219,30
5033,1387,43
5034,1352,22
5035,1333,35
5036,1377,33
5037,1281,20
5038,1212,26
5039,1209,34
5040,1234,30
5041,1369,36
5042,1321,24
5043,1267,30
5044,1288,22
5045,1241,38
5046,1356,43
5047,1398,46
5048,1244,36
5049,1398,39
5050,1310,31
5051,1399,46
5052,1261,46
5053,1379,47
5054,1354,45
5055,1392,40
5056,1309,24
5057,1351,22
5058,1391,34
5059,1378,20
5060,1384,43
5061,1345,28
5062,1391,49
5063,1306,41
5064,1378,46
5065,1220,36
5066,1296,21
5067,1337,28
5068,1243,44
5069,1354,29
5070,1301,27
5071,1333,27
5072,1294,26
5073,1340,24
5074,1226,42
5075,1206,46
5076,1201,42
5077,1354,39
5078,1295,44
5079,1203,21
5080,1221,21
5081,1332,40
5082,1313,30
5083,1208,42
5084,1285,44
5085,1208,44
5086,1376,32
5087,1245,46
5088,1306,21
5089,1201,33
5090,1353,25
5091,1325,34
5092,1211,40
5093,1365,47
5094,1283,23
5095,1349,35
5096,1237,33
5097,1396,39
5098,1327,49
5099,1279,39
5100,1257,46
5101,1314,21
5102,1364,37
5103,1219,43
5104,1382,30
5105,1374,20
5106,1305,43
5107,1337,24
5108,1295,36
5109,1253,30
5110,1271,32
5111,1273,38
5112,1388,30
5113,1272,24
5114,1360,49
5115,1317,33
5116,1284,36
5117,1322,25
5118,1217,43
5119,1395,48
5120,1378,24
5121,1256,42
5122,1361,22
5123,1346,40
5124,1290,47
5125,1249,48
5126,1261,30
5127,1231,32
5128,1249,26
5129,1300,41
5130,1219,39
5131,1384,47
5132,1229,42
5133,1264,25
5134,1348,33
5135,1395,46
5136,1352,30
5137,1387,29
5138,1372,24
5139,1332,32
5140,1314,38
5141,1307,45
5142,1313,47
5143,1282,27
5144,1234,36
5145,1265,27
5146,1301,24
5147,1347,34
5148,1295,32
5149,1290,48
5150,1272,31
5151,1273,44
5152,1361,26
5153,1249,25
5154,1389,44
5155,1340,28
5156,1267,42
5157,1258,22
5158,1238,40
5159,1244,22
5160,1259,35
5161,1264,41
5162,1367,21
5163,1397,34
5164,1221,26
5165,1278,34
5166,1310,21
5167,1293,33
5168,1284,27
5169,1242,48
5170,1354,34
5171,1336,39
5172,1219,25
5173,1213,44
5174,1292,20
5175,1326,30
5176,1249,47
5177,1353,33
5178,1205,34
5179,1239,32
5180,1379,48
5181,1278,42
5182,1359,23
5183,1224,39
5184,1375,32
5185,1348,29
5186,1336,23
5187,1318,21
5188,1270,37
5189,1324,45
5190,1252,30
5191,1268,22
5192,1257,21
5193,1200,43
5194,1305,44
5195,1396,47
5196,1301,46
5197,1371,45
5198,1260,30
5199,1290,25
5200,1321,25
5201,1310,48
5202,1209,42
5203,1232,23
5204,1244,46
5205,1272,27
5206,1350,26
5207,1316,40
5208,1284,41
5209,1391,41
5210,1242,31
5211,1292,37
5212,1215,24
5213,1396,25
5214,1211,49
5215,1336,22
5216,1262,21
5217,1264,36
5218,1326,43
5219,1398,45
5220,1349,40
5221,1358,26
5222,1276,41
5223,1364,20
5224,1392,41
5225,1246,30
5226,1379,38
5227,1218,29
5228,1229,28
5229,1362,23
5230,1285,24
5231,1343,40
5232,1326,26
5233,1234,41
5234,1302,26
5235,1362,32
5236,1272,21
5237,1365,29
5238,1277,49
5239,1330,48
5240,1285,28
5241,1266,29
5242,1281,49
5243,1266,49
5244,1257,32
5245,1321,32
5246,1349,42
5247,1387,24
5248,1234,37
5249,1288,38
5250,1330,22
5251,1289,48
5252,1228,39
5253,1313,29
5254,1396,20
5255,1338,35
5256,1321,44
5257,1260,34
5258,1302,38
5259,1241,30
5260,1275,24
5261,1260,24
5262,1329,20
5263,1208,43
5264,1384,47
5265,1398,30
5266,1265,42
5267,1312,24
5268,1213,31
5269,1238,42
5270,1324,44
5271,1347,26
5272,1354,40
5273,1275,39
5274,1371,47
5275,1382,24
5276,1281,37
5277,1281,40
5278,1205,20
5279,1273,21
5280,1236,48
5281,1216,33
5282,1274,32
5283,1251,48
5284,1373,37
5285,1348,31
5286,1353,37
5287,1363,21
5288,1329,22
5289,1323,34
5290,1201,36
5291,1214,30
5292,1232,22
5293,1323,28
5294,1331,41
5295,1358,43
5296,1232,22
5297,1369,38
5298,1200,48
5299,1212,34
5300,1240,28
5301,1363,38
5302,1377,28
5303,1249,23
5304,1381,44
5305,1397,38
5306,1289,41
5307,1372,41
5308,1295,41
5309,1371,27
5310,1255,40
5311,1231,34
5312,1370,32
5313,1350,20
5314,1308,30
5315,1318,35
5316,1344,32
5317,1274,45
5318,1262,26
5319,1377,40
5320,1263,29
5321,1363,42
5322,1236,40
5323,1391,32
5324,1393,21
5325,1365,46
5326,1208,47
5327,1271,41
5328,1384,31
5329,1316,32
5330,1361,39
5331,1300,43
5332,1304,46
5333,1303,27
5334,1319,25
5335,1292,22
5336,1335,31
5337,1386,44
5338,1308,47
5339,1331,25
5340,1267,24
5341,1330,41
5342,1259,26
5343,1376,21
5344,1277,29
5345,1242,49
5346,1393,47
5347,1273,25
5348,1243,45
5349,1279,37
5350,1298,31
5351,1253,41
5352,1238,21
5353,1392,37
5354,1210,20
5355,1244,39
5356,1353,25
5357,1269,24
5358,1213,31
5359,1228,41
5360,1397,45
5361,1370,45
5362,1280,48
5363,1355,24
5364,1282,43
5365,1303,38
5366,1349,34
5367,1206,49
5368,1236,40
5369,1326,42
5370,1394,20
5371,1273,34
5372,1313,23
5373,1301,32
5374,1243,42
5375,1233,25
5376,1206,43
5377,1282,23
5378,1251,32
5379,1343,48
5380,1340,34
5381,1301,31
5382,1256,42
5383,1353,22
5384,1289,44
5385,1268,42
5386,1297,45
5387,1258,37
5388,1364,28
5389,1242,21
5390,1268,28
5391,1288,32
5392,1273,45
5393,1347,31
5394,1255,47
5395,1247,22
5396,1385,40
5397,1227,30
5398,1318,41
5399,1249,25
5400,1266,28
5401,1212,42
5402,1376,46
5403,1377,32
5404,1216,24
5405,1360,36
5406,1250,46
5407,1389,32
5408,1216,40
5409,1272,49
5410,1320,43
5411,1398,21
5412,1231,34
5413,1206,32
5414,1218,20
5415,1376,44
5416,1386,32
5417,1392,45
5418,1349,30
5419,1347,34
5420,1327,21
5421,1251,40
5422,1215,27
5423,1380,28
5424,1210,23
5425,1358,27
5426,1341,36
5427,1379,21
5428,1371,28
5429,1323,30
5430,1209,44
5431,1206,27
5432,1324,36
5433,1249,29
5434,1315,44
5435,1239,39
5436,1322,24
5437,1276,38
5438,1217,34
5439,1296,25
5440,1359,36
5441,1388,44
5442,1371,43
5443,1334,46
5444,1250,41
5445,1280,23
5446,1338,48
5447,1349,25
5448,1267,44
5449,1236,34
5450,1274,24
5451,1376,46
5452,1335,44
5453,1352,31
5454,1319,34
5455,1361,25
5456,1326,33
5457,1287,27
5458,1377,37
5459,1293,29
5460,1305,21
5461,1386,45
5462,1301,42
5463,1338,28
5464,1226,25
5465,1338,37
5466,1356,28
5467,1291,26
5468,1227,27
5469,1242,38
5470,1379,45
5471,1354,41
5472,1225,38
5473,1201,42
5474,1340,42
5475,1220,37
5476,1333,39
5477,1295,33
5478,1365,29
5479,1331,40
5480,1324,34
5481,1235,48
5482,1300,22
5483,1379,43
5484,1341,48
5485,1266,33
5486,1221,49
5487,1248,35
5488,1325,44
5489,1217,39
5490,1365,49
5491,1244,37
5492,1307,48
5493,1307,28
5494,1294,21
5495,1215,36
5496,1316,20
5497,1363,21
5498,1289,44
5499,1373,28
5500,1286,20
5501,1397,21
5502,1266,33
5503,1217,37
5504,1387,45
5505,1205,21
5506,1295,20
5507,1234,30
5508,1314,49
5509,1296,45
5510,1315,41
5511,1398,30
5512,1275,44
5513,1209,25
5514,1349,28
5515,1206,35
5516,1277,36
5517,1247,48
5518,1248,34
5519,1209,24
5520,1233,30
5521,1234,24
5522,1358,24
5523,1331,33
5524,1374,32
5525,1240,32
5526,1311,42
5527,1260,23
5528,1382,36
5529,1272,44
5530,1266,26
5531,1399,41
5532,1339,20
5533,1355,27
5534,1251,48
5535,1384,27
5536,1309,36
5537,1280,42
5538,1307,37
5539,1269,22
5540,1212,22
5541,1237,38
5542,1279,31
5543,1328,27
5544,1396,25
5545,1221,41
5546,1314,20
5547,1227,22
5548,1343,27
5549,1348,25
5550,1260,31
5551,1279,34
5552,1257,21
5553,1246,20
5554,1362,40
5555,1353,49
5556,1372,42
5557,1367,30
5558,1277,34
5559,1272,20
5560,1398,22
5561,1377,38
5562,1240,43
5563,1207,28
5564,1276,28
5565,1236,35
5566,1281,42
5567,1240,47
5568,1270,29
5569,1387,45
5570,1357,39
5571,1393,47
5572,1291,45
5573,1231,45
5574,1379,42
5575,1350,31
5576,1378,38
5577,1373,37
5578,1253,41
5579,1332,38
5580,1368,28
5581,1384,47
5582,1348,44
5583,1315,47
5584,1345,29
5585,1394,24
5586,1342,40
5587,1273,26
5588,1230,36
5589,1358,22
5590,1263,49
5591,1363,24
5592,1376,48
5593,1368,23
5594,1217,24
5595,1365,33
5596,1321,41
5597,1320,34
5598,1372,21
5599,1270,43
5600,1387,45
5601,1376,43
5602,1305,43
5603,1336,34
5604,1292,23
5605,1326,25
5606,1257,39
5607,1374,40
5608,1345,22
5609,1323,42
5610,1235,28
5611,1265,49
5612,1366,25
5613,1321,46
5614,1289,43
5615,1259,35
5616,1365,31
5617,1354,32
5618,1300,38
5619,1374,22
5620,1292,29
5621,1235,44
5622,1255,25
5623,1329,23
5624,1248,29
5625,1277,31
5626,1239,22
5627,1382,44
5628,1344,26
5629,1338,47
5630,1294,49
5631,1236,43
5632,1389,35
5633,1243,23
5634,1220,31
5635,1266,41
5636,1235,40
5637,1326,32
5638,1337,38
5639,1268,39
5640,1254,49
5641,1253,26
5642,1217,28
5643,1330,27
5644,1272,23
5645,1267,45
5646,1283,27
5647,1391,21
5648,1264,43
5649,1204,44
5650,1373,40
5651,1387,25
5652,1378,31
5653,1305,20
5654,1323,41
5655,1285,23
5656,1311,47
5657,1274,42
5658,1287,24
5659,1277,31
5660,1275,21
5661,1271,33
5662,1262,35
5663,1387,26
5664,1306,22
5665,1329,34
5666,1237,34
5667,1380,37
5668,1269,35
5669,1379,26
5670,1336,23
5671,1301,20
5672,1258,40
5673,1233,30
5674,1368,20
5675,1379,38
5676,1306,23
5677,1282,42
5678,1291,30
5679,1237,42
5680,1394,48
5681,1349,40
5682,1272,28
5683,1237,27
5684,1360,25
5685,1360,29
5686,1283,27
5687,1396,23
5688,1304,31
5689,1376,36
5690,1344,41
5691,1283,46
5692,1270,42
5693,1298,24
5694,1374,22
5695,1373,24
5696,1293,48
5697,1284,43
5698,1270,40
5699,1371,21
5700,1381,22
5701,1318,39
5702,1284,29
5703,1238,45
5704,1375,41
5705,1308,49
5706,1325,49
5707,1324,32
5708,1213,35
5709,1254,48
5710,1339,22
5711,1298,33
5712,1364,41
5713,1219,39
5714,1206,45
5715,1291,41
5716,1303,42
5717,1397,39
5718,1367,36
5719,1304,44
5720,1346,42
5721,1333,25
5722,1251,29
5723,1318,32
5724,1210,26
5725,1317,38
5726,1232,28
5727,1316,34
5728,1200,47
5729,1250,41
5730,1227,33
5731,1240,37
5732,1378,24
5733,1380,39
5734,1296,23
5735,1364,34
5736,1313,22
5737,1231,28
5738,1383,29
5739,1216,28
5740,1325,23
5741,1231,44
5742,1214,20
5743,1245,45
5744,1316,29
5745,1240,21
5746,1245,25
5747,1206,43
5748,1258,43
5749,1222,25
5750,1293,40
5751,1227,24
5752,1218,21
5753,1328,36
5754,1228,46
5755,1331,35
5756,1229,48
5757,1291,35
5758,1359,24
5759,1322,46
5760,1332,33
5761,1202,21
5762,1307,35
5763,1357,41
5764,1398,39
5765,1332,20
5766,1334,26
5767,1233,21
5768,1291,38
5769,1332,35
5770,1230,26
5771,1226,21
5772,1338,42
5773,1297,41
5774,1314,25
5775,1239,27
5776,1302,28
5777,1279,43
5778,1236,20
5779,1289,39
5780,1376,39
5781,1339,35
5782,1301,22
5783,1306,36
5784,1325,23
5785,1298,23
5786,1257,31
5787,1304,30
5788,1398,32
5789,1289,46
5790,1206,49
5791,1320,23
5792,1343,49
5793,1367,47
5794,1394,41
5795,1232,28
5796,1349,21
5797,1381,30
5798,1326,43
5799,1391,28
5800,1280,49
5801,1212,42
5802,1377,27
5803,1285,20
5804,1298,23
5805,1244,20
5806,1224,44
5807,1302,26
5808,1331,49
5809,1368,47
5810,1251,25
5811,1381,44
5812,1305,40
5813,1364,26
5814,1232,45
5815,1239,31
5816,1349,48
5817,1226,34
5818,1363,31
5819,1271,46
5820,1342,21
5821,1283,43
5822,1256,40
5823,1214,43
5824,1307,44
5825,1304,30
5826,1319,25
5827,1260,39
5828,1398,29
5829,1246,23
5830,1302,41
5831,1295,48
5832,1241,27
5833,1257,43
5834,1390,46
5835,1394,48
5836,1211,33
5837,1289,27
5838,1391,33
5839,1319,35
5840,1362,38
5841,1340,29
5842,1384,41
5843,1351,39
5844,1279,37
5845,1360,37
5846,1306,28
5847,1287,38
5848,1387,24
5849,1333,24
5850,1201,30
5851,1287,20
5852,1268,38
5853,1227,31
5854,1343,42
5855,1264,49
5856,1296,49
5857,1206,43
5858,1326,34
5859,1233,23
5860,1297,41
5861,1302,22
5862,1374,23
5863,1319,29
5864,1294,23
5865,1237,26
5866,1287,48
5867,1371,29
5868,1269,42
5869,1249,38
5870,1306,42
5871,1395,28
5872,1363,40
5873,1373,38
5874,1243,22
5875,1266,21
5876,1321,28
5877,1394,38
5878,1341,48
5879,1263,20
5880,1223,21
5881,1366,48
5882,1277,28
5883,1211,44
5884,1302,45
5885,1236,22
5886,1260,35
5887,1288,24
5888,1385,28
5889,1202,40
5890,1322,32
5891,1365,20
5892,1293,44
5893,1214,24
5894,1318,38
5895,1300,36
5896,1382,31
5897,1214,46
5898,1372,45
5899,1207,39
5900,1257,42
5901,1261,35
5902,1281,42
5903,1308,26
5904,1207,27
5905,1386,22
5906,1240,31
5907,1314,26
5908,1263,20
5909,1238,27
5910,1374,40
5911,1397,46
5912,1276,38
5913,1339,29
5914,1351,38
5915,1359,39
5916,1202,25
5917,1305,46
5918,1359,38
5919,1370,33
5920,1290,47
5921,1395,28
5922,1293,45
5923,1231,32
5924,1230,31
5925,1344,44
5926,1244,47
5927,1293,31
5928,1365,23
5929,1295,20
5930,1214,48
5931,1346,21
5932,1246,26
5933,1205,42
5934,1357,34
5935,1296,46
5936,1304,31
5937,1285,44
5938,1207,32
5939,1325,33
5940,1271,34
5941,1294,28
5942,1353,26
5943,1229,33
5944,1248,41
5945,1253,44
5946,1393,27
5947,1306,36
5948,1252,45
5949,1355,22
5950,1323,42
5951,1390,38
5952,1327,41
5953,1243,30
5954,1241,30
5955,1386,40
5956,1367,38
5957,1294,36
5958,1315,20
5959,1263,25
5960,1202,24
5961,1324,28
5962,1320,20
5963,1217,21
5964,1360,41
5965,1268,23
5966,1208,31
5967,1371,44
5968,1340,32
5969,1206,30
5970,1214,47
5971,1372,43
5972,1290,34
5973,1218,26
5974,1215,35
5975,1354,49
5976,1346,48
5977,1214,38
5978,1307,36
5979,1267,22
5980,1349,24
5981,1236,41
5982,1298,26
5983,1318,43
5984,1390,27
5985,1303,20
5986,1282,32
5987,1341,49
5988,1231,23
5989,1369,33
5990,1245,28
5991,1274,26
5992,1335,31
5993,1316,47
5994,1350,38
5995,1335,45
5996,1248,46
5997,1288,24
5998,1245,22
5999,1325,43
6000,1280,39
6001,1377,39
6002,1225,37
6003,1374,45
6004,1341,32
6005,1212,34
6006,1213,25
6007,1349,36
6008,1385,25
6009,1200,39
6010,1274,28
6011,1253,38
6012,1381,26
6013,1245,49
6014,1382,25
6015,1308,44
6016,1236,31
6017,1351,47
6018,1327,34
6019,1382,38
6020,1387,21
6021,1314,21
6022,1287,40
6023,1278,24
6024,1383,36
6025,1236,24
6026,1260,20
6027,1205,47
6028,1254,39
6029,1369,28
6030,1265,36
6031,1334,37
6032,1340,30
6033,1251,47
6034,1258,46
6035,1228,26
6036,1204,41
6037,1224,49
6038,1224,21
6039,1304,39
6040,1284,49
6041,1352,24
6042,1259,37
6043,1304,37
6044,1275,48
6045,1246,39
6046,1331,24
6047,1208,35
6048,1272,23
6049,1311,36
6050,1358,36
6051,1323,40
6052,1223,26
6053,1382,46
6054,1398,30
6055,1255,25
6056,1319,39
6057,1218,46
6058,1264,40
6059,1312,25
6060,1253,43
6061,1227,38
6062,1356,37
6063,1330,39
6064,1363,46
6065,1379,47
6066,1204,35
6067,1375,29
6068,1351,48
6069,1332,35
6070,1361,30
6071,1203,24
6072,1345,27
6073,1331,32
6074,1348,29
6075,1331,30
6076,1216,20
6077,1248,28
6078,1306,21
6079,1290,45
6080,1274,42
6081,1320,29
6082,1303,38
6083,1370,22
6084,1334,36
6085,1277,38
6086,1316,37
6087,1374,37
6088,1373,34
6089,1393,27
6090,1339,25
6091,1362,37
6092,1237,40
6093,1319,40
6094,1208,36
6095,1323,48
6096,1346,46
6097,1350,47
6098,1330,49
6099,1297,27
6100,1316,46
6101,1352,36
6102,1233,28
6103,1284,20
6104,1392,45
6105,1387,25
6106,1324,43
6107,1331,30
6108,1288,34
6109,1380,20
6110,1337,35
6111,1363,48
6112,1340,21
6113,1260,39
6114,1332,21
6115,1256,30
6116,1247,25
6117,1346,45
6118,1304,27
6119,1381,38
6120,1226,38
6121,1394,48
6122,1324,38
6123,1279,43
6124,1232,46
6125,1247,28
6126,1274,48
6127,1321,23
6128,1288,20
6129,1334,20
6130,1265,44
6131,1375,43
6132,1392,29
6133,1235,48
6134,1277,33
6135,1301,30
6136,1353,34
6137,1343,46
6138,1295,29
6139,1374,48
6140,1380,39
6141,1371,29
6142,1298,29
6143,1211,25
6144,1243,45
6145,1300,32
6146,1293,46
6147,1279,30
6148,1255,23
6149,1224,29
6150,1332,45
6151,1274,42
6152,1310,49
6153,1324,38
6154,1320,32
6155,1319,48
6156,1359,48
6157,1211,46
6158,1313,40
6159,1246,44
6160,1251,44
6161,1345,47
6162,1246,48
6163,1368,45
6164,1206,38
6165,1275,34
6166,1285,20
6167,1216,24
6168,1263,28
6169,1382,25
6170,1280,25
6171,1315,23
6172,1206,36
6173,1393,48
6174,1351,36
6175,1316,45
6176,1342,22
6177,1356,28
6178,1243,36
6179,1228,39
6180,1340,36
6181,1390,38
6182,1280,22
6183,1244,36
6184,1359,44
6185,1397,44
6186,1278,44
6187,1201,32
6188,1222,45
6189,1368,24
6190,1389,41
6191,1394,23
6192,1273,35
6193,1351,32
6194,1283,21
6195,1261,45
6196,1316,30
6197,1234,44
6198,1325,23
6199,1226,25
6200,1285,27
6201,1344,25
6202,1378,32
6203,1239,34
6204,1212,27
6205,1300,41
6206,1280,25
6207,1348,42
6208,1289,45
6209,1272,26
6210,1224,37
6211,1331,47
6212,1287,42
6213,1333,46
6214,1270,29
6215,1279,38
6216,1358,36
6217,1294,32
6218,1319,44
6219,1270,45
6220,1211,34
6221,1338,36
6222,1283,41
6223,1204,47
6224,1216,21
6225,1210,29
6226,1222,38
6227,1243,23
6228,1269,22
6229,1305,38
6230,1211,35
6231,1365,33
6232,1305,35
6233,1248,44
6234,1357,30
6235,1341,22
6236,1339,37
6237,1382,35
6238,1356,34
6239,1342,42
6240,1362,49
6241,1216,41
6242,1235,40
6243,1266,31
6244,1233,24
6245,1202,30
6246,1231,47
6247,1252,49
6248,1293,43
6249,1209,45
6250,1271,26
6251,1395,45
6252,1381,24
6253,1232,26
6254,1268,30
6255,1368,36
6256,1223,35
6257,1345,46
6258,1308,49
6259,1214,41
6260,1209,39
6261,1390,45
6262,1252,37
6263,1239,31
6264,1291,34
6265,1220,22
6266,1217,21
6267,1228,45
6268,1248,23
6269,1228,26
6270,1318,27
6271,1295,37
6272,1333,29
6273,1270,42
6274,1207,29
6275,1200,41
6276,1363,30
6277,1258,40
6278,1227,45
6279,1226,32
6280,1246,33
6281,1212,32
6282,1322,29
6283,1274,34
6284,1322,46
6285,1360,38
6286,1247,39
6287,1376,26
6288,1249,39
6289,1239,46
6290,1280,35
6291,1367,20
6292,1247,31
6293,1281,38
6294,1283,44
6295,1217,42
6296,1344,41
6297,1351,20
6298,1328,31
6299,1298,20
6300,1351,47
6301,1306,33
6302,1283,30
6303,1301,27
6304,1237,29
6305,1285,44
6306,1264,30
6307,1340,33
6308,1273,42
6309,1292,29
6310,1205,36
6311,1253,41
6312,1285,37
6313,1353,45
6314,1396,34
6315,1218,41
6316,1225,34
6317,1304,43
6318,1230,47
6319,1219,30
6320,1358,25
6321,1322,23
6322,1383,48
6323,1360,44
6324,1350,24
6325,1230,24
6326,1232,32
6327,1398,20
6328,1275,37
6329,1206,29
6330,1232,46
6331,1386,20
6332,1333,33
6333,1263,30
6334,1371,46
6335,1354,45
6336,1219,31
6337,1369,23
6338,1310,43
6339,1259,38
6340,1267,27
6341,1213,30
6342,1372,23
6343,1231,49
6344,1391,43
6345,1242,20
6346,1307,45
6347,1320,35
6348,1376,40
6349,1330,42
6350,1214,37
6351,1310,35
6352,1223,29
6353,1279,48
6354,1270,47
6355,1242,31
6356,1226,44
6357,1388,38
6358,1247,25
6359,1318,28
6360,1274,24
6361,1248,45
6362,1266,39
6363,1259,45
6364,1371,27
6365,1338,23
6366,1330,33
6367,1237,21
6368,1322,24
6369,1348,28
6370,1365,35
6371,1372,47
6372,1242,47
6373,1254,27
6374,1250,23
6375,1346,20
6376,1311,33
6377,1325,36
6378,1392,24
6379,1382,21
6380,1207,40
6381,1372,34
6382,1230,29
6383,1393,31
6384,1335,48
6385,1367,26
6386,1201,45
6387,1237,38
6388,1333,25
6389,1325,41
6390,1352,28
6391,1224,33
6392,1366,39
6393,1314,47
6394,1218,30
6395,1267,30
6396,1217,42
6397,1244,41
6398,1210,30
6399,1289,44
6400,1343,27
6401,1351,27
6402,1241,49
6403,1268,36
6404,1228,38
6405,1293,33
6406,1267,22
6407,1367,37
6408,1326,45
6409,1204,43
6410,1251,48
6411,1207,31
6412,1313,41
6413,1234,32
6414,1353,41
6415,1361,49
6416,1281,26
6417,1360,46
6418,1393,49
6419,1314,31
6420,1351,26
6421,1240,37
6422,1328,38
6423,1287,42
6424,1279,46
6425,1268,46
6426,1208,32
6427,1349,26
6428,1346,29
6429,1348,20
6430,1210,31
6431,1225,26
6432,1274,49
6433,1357,33
6434,1339,28
6435,1227,36
6436,1213,47
6437,1257,22
6438,1291,31
6439,1226,26
6440,1289,21
6441,1276,33
6442,1334,46
6443,1387,31
6444,1364,27
6445,1294,39
6446,1392,22
6447,1271,44
6448,1381,47
6449,1315,43
6450,1294,31
6451,1234,36
6452,1301,22
6453,1371,30
6454,1338,38
6455,1368,28
6456,1333,39
6457,1355,35
6458,1351,45
6459,1259,26
6460,1206,46
6461,1280,31
6462,1291,30
6463,1378,36
6464,1231,42
6465,1277,21
6466,1311,29
6467,1228,34
6468,1306,21
6469,1351,39
6470,1254,44
6471,1350,49
6472,1338,45
6473,1300,29
6474,1277,41
6475,1213,36
6476,1217,26
6477,1214,48
6478,1210,41
6479,1313,42
6480,1340,22
6481,1303,47
6482,1330,46
6483,1210,29
6484,1378,46
6485,1376,27
6486,1333,24
6487,1308,20
6488,1349,33
6489,1321,41
6490,1220,40
6491,1389,38
6492,1264,32
6493,1351,44
6494,1347,33
6495,1262,28
6496,1377,20
6497,1334,32
6498,1384,26
6499,1301,27
6500,1360,29
6501,1316,27
6502,1395,47
6503,1205,29
6504,1349,44
6505,1392,23
6506,1236,28
6507,1367,36
6508,1278,36
6509,1206,47
6510,1241,38
6511,1304,32
6512,1399,26
6513,1339,42
6514,1316,25
6515,1246,29
6516,1386,20
6517,1306,37
6518,1393,24
6519,1397,21
6520,1313,39
6521,1232,48
6522,1370,40
6523,1243,49
6524,1210,29
6525,1343,28
6526,1378,32
6527,1209,40
6528,1358,31
6529,1374,27
6530,1315,26
6531,1240,24
6532,1265,34
6533,1389,37
6534,1324,45
6535,1377,42
6536,1391,25
6537,1226,30
6538,1359,32
6539,1270,40
6540,1335,30
6541,1259,20
6542,1214,35
6543,1377,49
6544,1283,24
6545,1247,36
6546,1350,31
6547,1364,35
6548,1296,31
6549,1216,20
6550,1277,47
6551,1351,24
6552,1375,47
6553,1268,25
6554,1323,38
6555,1338,40
6556,1350,46
6557,1304,48
6558,1252,48
6559,1319,32
6560,1205,25
6561,1284,31
6562,1351,26
6563,1330,43
6564,1352,31
6565,1258,34
6566,1282,28
6567,1208,26
6568,1339,45
6569,1331,41
6570,1273,39
6571,1357,39
6572,1272,45
6573,1309,21
6574,1258,27
6575,1308,32
6576,1226,32
6577,1205,29
6578,1320,28
6579,1265,47
6580,1275,24
6581,1289,43
6582,1265,41
6583,1280,31
6584,1251,40
6585,1392,42
6586,1375,28
6587,1218,44
6588,1376,49
6589,1353,31
6590,1314,49
6591,1317,47
6592,1334,24
6593,1298,36
6594,1255,38
6595,1303,36
6596,1292,28
6597,1330,37
6598,1276,30
6599,1254,20
6600,1234,21
6601,1305,37
6602,1356,26
6603,1321,43
6604,1228,40
6605,1240,45
6606,1264,39
6607,1295,43
6608,1294,36
6609,1295,32
6610,1393,36
6611,1207,25
6612,1397,37
6613,1365,31
6614,1329,49
6615,1305,42
6616,1260,34
6617,1342,20
6618,1245,37
6619,1339,31
6620,1286,48
6621,1229,35
6622,1373,27
6623,1269,34
6624,1271,34
6625,1247,28
6626,1293,36
6627,1231,22
6628,1252,41
6629,1245,24
6630,1308,30
6631,1348,39
6632,1340,36
6633,1378,23
6634,1381,23
6635,1276,36
6636,1269,38
6637,1267,40
6638,1302,43
6639,1297,40
6640,1344,41
6641,1298,47
6642,1383,21
6643,1326,31
6644,1366,20
6645,1339,20
6646,1319,41
6647,1313,30
6648,1261,48
6649,1207,29
6650,1381,47
6651,1309,47
6652,1324,48
6653,1269,30
6654,1240,24
6655,1225,30
6656,1345,26
6657,1398,40
